function [Passages, Vf_hm, Vf_lm] = loadVpassagesData()

    Passages = 0:49;
    
    Vf_hm = [450000	9112500	7875000	  231750000	  2137500000  5062500	 4500000	247500000	6187500	    191250000	236250000	48375000	123750000	1125000000	146250000	2137500000	371250000	315000000	90000000	202500000	3487500000	3375000000	270000000	2362500000	14625000	213750000	112500000	191250000	112500000	787500000	9000000	    2362500000	1912500000	900000000	90000000	67500000	2475000	    37125000	1012500000	191250000	67500000	56250000	22500000	4050000000	12375000	123750000	675000000	3150000000	153000000	1260000000
             450000	247500	12375000  1212750000  427500000	  6075000	 16875000	985500000	22500000	213750000	427500000	25875000	28125000	2362500000	281250000	180000000	360000000	51750000	281250000	416250000	1912500000	2587500000	2137500000	5175000000	11250000	202500000	157500000	16875000000	270000000	1687500000	16875000	4500000000	1912500000	1912500000	562500000	101250000	10575000	36000000	787500000	247500000	225000000	112500000	225000000	4500000000	2025000000	33750000	787500000	3960000000	2070000000	1710000000
             450000	168750	8437500	  123750000	  1687500000  202500000	 4500000	63450000	27000000	202500000	472500000	27000000	54000000	2025000000	326250000	315000000	270000000	40500000	326250000	90000000	2362500000	90000000	2812500000	3037500000	15750000	270000000	135000000	3037500000	1237500000	1125000000	78750000	4162500000	3375000000	5625000000	450000000	29250000	3937500	    38250000	1575000000	258750000	225000000	45000000	33750000	2925000000	15750000	33750000	348750000	1710000000	1350000000	270000000];
    
    Vf_lm = [450000	8437500 	14625000	225000000	7650000	    135000000	3375000	    191250000	43875000	303750000	348750000	787500000	292500000	472500000	225000000	2362500000	4387500000	877500000	3375000000	4162500000	933750000	27000000	258750000	2587500000	18000000	540000000	112500000	4725000000	1462500000	900000000	337500000	6187500000	4162500000	1575000000	371250000	180000000	3825000	20250000	101250000	52875000	3825000	    135000000	51750000	7537500000	562500000	9000000	    1237500000	35100000	17100000	1440000000
             450000	121500000	23625000	787500000	22500000	157500000	10125000	551250000	67500000	157500000	2812500000	506250000	540000000	213750000	1041750000	191250000	2700000000	315000000	4162500000	3937500000	855000000	225000000	213750000	2250000000	123750000	247500000	168750000	8662500000	258750000	461250000	247500000	6412500000	5175000000	1800000000	258750000	303750000	6075000	28125000	92250000	82125000	405000000	1125000000	112500000	371250000	67500000	50625000	60750000	1170000000	135000000	1710000000
             450000	326250000	13005000	140625000	7537500	    202500000	28125000	450000000	22500000	50625000	1687500000	20250000	292500000	22500000	562500000	3712500000	573750000	2475000000	5287500000	843750000	1800000000	28125000	146250000	450000000	2700000	    1350000000	40500000	202500000	236250000	236250000	213750000	5625000000	5962500000	15750	    0	        0	        0	    0       	0       	0	        0       	1012.5  	2250000	    6525000000	652500000	303750000	60750000	1080000	    9900000	    15300000];

end